14945763911894425774	1
893797382155219813464	0
35218266367418738615346	0
55287623332464724861728	0
2833486865554914298	1
895534824436462454455	1
7327566228175784965	1
21818516251922677568328	0
3564249842445477493173	0
821694769745428525155	0
3947555629363992274	1
411687693673434926196	0
721166172982716487884	0
9531852999132773656	1
2654761541616216897184	1
22559787261476258739	0
964966418668512969	0
681397638132363594279	0
2723423641339436491443774	0
4983834771444263222787	0
7658932151516169624139	1
5213989376616533959	1
3167497351917772696	1
81336616172341599434446	1
34247143231425226549275648	0
73654956419186231929	1
468639178428962886	0
974849928445291366	1
39528475753135289284	1
6895322274947134362882	0
2494251277758746912256	0
5338462791438136863276	0
95755893685183828	1
791517988268479437	0
7998186511822317142519	1
1113938425218621762763138	1
198665964991361499	0
4197799668457369	1
78259723973472663357	0
562486819315378167456	0
4756211382396218171424337	1
5568917987835964	1
798979773449476	1
65883896179816884	0
979986891937384	1
967877275211455232214438	0
772831169762599288	1
522263484682596511777	1
31579893741253563775	1
334347191273357893855	1
162316668291919433613429	0
89446536625362364311783	0
2865356378995256196	0
557719529152887676	1
32371195149859331435275	1
244893164227178951197	1
4978332237666974289	0
191483532547136851237557	0
8623131439732914632725266	0
213342599623985795265	0
8874912295246563397	1
7363523444397158321785	1
8617245358186896756	0
238759556546648395	1
517884755545687983	0
5117385176214473537866	1
133812671197964567491	1
45369965832661224955	1
34335594762543957367	1
36844345221477613863693	0
31547128622861812916769	0
4348938975988546	1
9537723278587919373	0
26992521321945628382376	0
948673884364747719	0
83571468867175789	1
3867992281522282723359	0
8635446661441987279	1
8378641371596553892	1
75863319413117571412777	1
27252324855698943439	1
3944987462426837919	0
8166742218344684832819	0
917422147275436162716265	1
875296365281338637346	0
48396343726319584231437	0
391162515989866975	1
76688263359133664568	0
673883549464795179	0
54827893354137193549	1
7455412171137782995368	0
877613524446717452688	0
535339724233317679657	1
69744461828768631357	0
9645514698319739358	0
91663338227579751966	0
4531337248732523634988	1
2357781183165353637466	1
2211483927636677428138	1
99157371432572626669	1
384428642638731926775	0
5719172367512746282438	1
117134758653865149777	0
5191541479897146821166	0
5869695857894295	0
7822349454491124734886	0
2978375913265841634237	0
68245336643884179198	0
975135994393384434282	0
681445865171347287648	0
162171369423582316796157	0
5448948285881168646	0
4839581216875596297	0
986777614141181548386	0
11944694165785695249	0
1344348273562815444343237	1
8333559985984876	1
698871618887968	1
98977888893187	1
462513653678278451584	1
56863428348162777693	0
24928846149133224148947	0
89131226367977265637	1
9938214886534865394	0
1962293512546257177268	1
237588623185392387474	0
4865517871192386829	1
764582437875382939	1
53371756437441893513385	0
196632782258989474	1
2832777441836432454993	0
9791917281452438587	1
4275728652142782527496	0
3987426616745788356	0
194158595495962675	1
98724338262989988	0
725955938982385773	0
58454863555445662294	1
189129925216261862992	1
67243287618429955138	1
85515832854827218684	1
62475543419696442487	1
792975868357224259	1
1827423593141254889865	0
2747244968528527585	1
9995725281251948185	1
788615552134637544682	1
4489167633733344532686	0
1713571614247423253357467	1
436978539129366987	0
67241464413972839794	1
96983318444932529547	0
65955197494246515139	1
768388774334162689	1
1778783567886946	1
14796555228916635466	1
976168218281262923674	1
8488373751536294967	0
67616745983774988	0
45327871198552296187	1
284127996917549485	1
436393713822839343333168	0
4894229127419527165264	1
1542229574331262958668	1
982979986612624138	1
4317349582688728384	1
11327293777539851983	1
673328872949533731528	0
64367217684352377487	1
251136322521243675623421958	1
7225696468789623447	0
8383724178669233839	1
19328364439256261127268	1
5178369425864284986	0
9916852881324983289	0
792428659639173996	0
93191815323724521124611649	1
39941278148193757719	0
4284147294322612596658	1
1859638123117497147256	1
26954376588359794	1
699427374494658738	0
9397117626881377294	1
8777596354365988	1
7691416536923663721139	1
667592859634921511182	1
58346994297418899	0
3642853982862235175178	0
739396687373233253164	1
5588158259397979	1
231934582291593648187	1
8433675585925747359	0
4241452382562988521478	1
2696965614929283882	0
414285755554854484791	0
934217526112667614226886	0
399459677196535228	1
82923537842925494928	0
1221912454276285495696	1
484658925438247482183	0
434172778852582529119	1
4991813178886245966	0
751432127381597931949	1
84343268353768464196	1
649134952716818165559	0
135776493699179883	0
8654534651729398794	0
887343138131636752966	1
286192439751462628884	0
24359836436884322318328	0
243744464666793815664	0
86163237587234649849	0
9221153333872767427747	1
467587927551397695	0
5692879385451414888	0
4795934773888747	1
5699691579644266191	0
25451693298372444731277	0
7135955913742236522888	0
42718257524819885248	1
88362712189857137667	0
395994725174831217369	0
7428884333359373322382	1
89358623343873329248	1
319758617142255372391392	0
82152532569131777544585	0
218461563663465564996	0
988617544943977176	0
73235281794787732258	1
568119261384327453825174	0
26653649516987599	1
295638118977961819	1
7472756617378478182	1
241197511243495331189778	0
32535397222256912774293	1
7667594748257342383	1
2798952346485513879	0
7959293877642697	1
383273183129515759648	1
634326873188488621746	0
9329114929126975489	1
95348958435679474	1
39958276792828677	0
7956947438771511112737	0
9684859455615433578	0
328911196983592128468	0
4792596194387424646	1
23628153185876563669	1
8846131646873917657	1
81495511685955468366	0
367917112683135238148295	0
374988783849598	1
1532249552714546158312429	1
1329472351416741641712766	1
1515485957139329896	1
55652261666486973648	0
7517138742181974553179	0
732853394993985157	1
352447766134146459559	1
7293832185849229567	1
373269598452647965	1
15663762332717821474438	1
7765961236961424796	1
78951782597383666	1
975122455191623571118348	1
314682479462842824966	0
718527859594814287	1
25634528161584559498	1
21448249697558328594	0
2558355489525334125399	0
246596474682772128456	0
68483729731132615162389	0
6471397836858898	1
4119544737854131652686	1
825943526559298891	1
77912798118248998	1
645391681591561537375	1
14561299273211759136277	1
42388859244599479	1
645566594116735635396	0
885984533916746982	0
865115826435611717462191	1
884964438335619199	1
14882616622862987437	1
2716314317878977946	1
412291878454549322472138	0
8786254175637254929	1
57816748115715336185184	0
844376453557995113385	0
22187484435311896135339	1
775625958454692358	1
42413425244221134268731552382	1
717343378979847364	1
835384214785511879155	1
29882333578894512157	1
5139495392358661265238	0
946163114812192853198337	0
8264533756963635978	0
252225967645652659188	0
533511512754778357437291	0
496884755766683157	0
7584863577336732493	1
88638826443176732568	0
665771243237931195928	1
2664875229451846858	1
9442216778533989175	1
7427136946386614995	1
1764545914331726481789	0
58528427352591237925182	0
1666157677543226414368	1
7933715355336978637	1
36162616367737317344883	0
243651463975293625819	1
37459744861149248883	0
37245268941518595498	0
777694923513774586	1
65625324477139789282	1
457931882642223224935248	0
96898683622146859	1
937993379532765675	0
87298992533677389	0
75529741942451947483	1
94631927612232542675275	1
393325527129567991584	0
268157117734972724458	1
796316811474752734776	0
142745381134222328979648	0
6965224997281672965	0
1845477163594447795	1
293389883991939129	0
2611212497547268814875	1
8612733883517269321938	0
9769296459526922292	0
6829941682156592557	1
89681728632495181728	0
336423133742535682113264756	0
911837531811499564785	0
9239738492772569319	0
486225739856793691	1
5828672864852417791	1
552655998227216563449	0
93449937418292421334374	0
4526668273695869283	0
41318111842175913242478792	0
77839247134365473575	1
517317764362139712344289	0
933175164361969338882	0
7676611482258821371348	1
617772729179321323613376	0
3371345584611398263123737	0
43568468827271687292	0
3491941759416438589	1
2372573744784673885	1
5177958513127553683149	0
9841765718346445698	0
447859222756837554174	0
2854696634218955683	1
743178484731498541138	1
63349473513163795975	1
9297575197746293157	0
1241478378388837387	1
2271474675559964656	1
241291116953551657542169	1
8979757613584989	0
9355984388779357	1
14714252248444889896	1
5534997625561522699	1
841635762663469242579	0
3534435256287648997	1
9576313868359757283	0
585254477978424128175	0
8289828117656282674	1
316851396295479263376	0
48817736272886365419	0
16611121829222649547171138	1
1385454629771695698	0
78378385888864473	0
187242157249762352168337	0
5673945958419167137	1
26834543741654761281855	0
2867379848789658	0
29913188771312891234295	0
9664692663284259864	0
682122337699153919455	1
56779388839381974	0
21417729752628638273283	0
225816839491964953119	0
6115886354546166471247	1
366987744325557856	1
38166654927965599	1
25595823441173955332658	0
26587278794525242884	0
882252859345812861756	0
413339376986889382	1
2428718811767951816337	0
695111833322324763941629	1
6959988273747457	1
759754684333444897	1
1529592882466729884	0
8216463121847976922179	0
558422416443732534217675	1
8832123311224886651363356	1
377643762632294984292	0
13428238168825776757	1
645192797771924111647	1
54151495144978612615791	0
88148231254178651447187	0
9844233996683631169	1
1968967553794894	1
3618199259278853289	0
22441857418566564499	1
652387811872697398	1
58351297673868662346	0
713171144756648679355	1
572832688154688699	0
7218182979836166399	0
8228126771956525474275	0
3543175279951412245885	1
2119254918816972572277	0
92157939287223849555	0
9993353891151339766	1
3958868864269387	1
9145263577915135572184	1
234643592764818183367	1
59811143838814887783	0
199984861258585129	1
737722387786341369165	0
5871443657397293638	1
44386772799867792	0
839224629486695233284	0
55574596459317155667	0
194266339724847234529	1
63476583343635723895	1
4743178557888118393	1
37993173959891179	1
3727359493489731489	0
3941264182122367845111685	1
23249932918254625321477	1
711879117468876442149	0
4942757823911166925365	0
9394964897649288	0
4659684559151691196	1
43932163456485981216357	0
14153644321825733671572393	0
98842776239814191164	1
421397696912451846328	1
4577615719948268358	0
484345521647545325887	1
37864518421885878219	0
6631582556414981269149	0
492431564262627453132658	1
168477527879819592	0
68124791366428394755	1
163881876772784629	1
969666574119772884	0
32894511689819593176	0
595525511977241835876	0
937214615746752244678	1
46988364254415763668	0
76821823244347992865	1
66632795929745988	0
88734982739874337	1
7914831296855127634491	0
3499288196913682287	0
5861513429331967537746	0
4932794956866886	1
59733549968834323347	0
8311773665396956591	1
592555829192973595	1
49163921159696337187	1
75795361324467481891	1
24151953293222764848288	0
429937217992236673446	0
346328163962196654691	1
1581949773253772898	0
138157973375697879	0
25258211557268784886	1
97475475248698938	0
623718578563697985	0
992479366128497347	1
47194226828672654755	1
66215215152411686674372464	0
247954549136999491	1
6836692987122816948	0
63264922275472577965	1
4387696729351553787	0
93187219743682231621537	1
6165351656526424116121352646	0
3933454364998553764	1
527585119322398382787	0
64396648721235932453175	0
36175574784679939	1
972719936369149794	0
3517354688319926346291	0
1876355526834518986	1
177163282324893472768	1
292732977466643698	1
985989613662749346	0
38445425819237144651667	0
7924931445541341816897	0
12782157166125656443558	1
2926254758325986485	1
1884684978737794	1
5824744682689245669	0
1663639394828697555	0
43912446671699329582	1
42177256772388855292	1
234899242917247116987	0
3278619734228327446476	0
82355587487462267128	1
24631684352324612897757	0
265631653615459348567	1
7152272522152411254464989	1
9842672774932493176	1
36481837624134131475225159	0
471315543424473352228422319	1
397418415921946866237	0
52519526167449111557838	0
94929596413294897	1
765829366892277477	0
6831378873145165561584	0
685338858214376986	1
4423412628228794838391	1
4577231938323425497219	1
341598132492456259297	1
717765911834728481169	0
49513928768325964473	0
51733716669359436669	0
9329415535961272812939	0
4853581557141782691528	0
51592438188734896338	0
45351543312241444821891682	1
6656515829611617813288	0
88931628414696912288	0
3181446261545177287279	1
7215924295976953785	0
79784915896412839	1
6767412987537544564	1
83224482887291688285	0
695757581275921759	1
3214799465221825861866	0
4733374576338652652475	0
1822437683485516487283	0
56758417212624965155374	0
58794695661837538	1
66584922244559875347	0
3156387819946515991	1
9734642258547698565	0
514694122155192293437398	0
751212965374856122897	1
946511764642898857	1
69662588139986991	0
67799644928525994	0
336842695721136168739	1
76711228989981679	1
392788171685861839	1
11722538973221134527979	1
39963643694411857291	1
39859787181781891	1
5538649996397395	1
54174265795127463536265	0
7362457167489426757	1
4748545231225135874875	1
659229325867917892	1
938323161169394743594	1
25325774974231953335493	0
3692783832847629648	0
53447686657378579	1
86653424848822463269	1
8782472144649391885	1
5811659154294542214796	1
93475628799376357	1
189193574416275773529	0
65614731587663237442582	0
4971215612269438356286	1
39262259639924859291	0
3717258996642435766	1
38234647184835849639	0
692812942642253939919	0
66677936684538768	0
68158814375897569	1
98979884334557164	1
111136583523169494853179	0
83247548546124738289	1
9824416518182659993	1
925963948252395973	1
2623936891772286254319	0
669741194695494358	1
525368245415231259156286	1
65744952968528596	1
831992941751554341289	1
1937229714182551719592	1
46861424675547443578	1
76447486525413584769	0
952475548593342921265	1
9673223748171982966	1
351775997177888265	0
327331379884743426413193	0
831535454867233469874	0
98825418936953134773	0
37858418152529169795	0
145454647736192787447	0
855864552255823149774	0
444247598255631852529	1
69196833289979556	0
86623577923866679	1
863412951567288174279	0
38222615137945689496	1
4429496766582147221137	1
794411726745173766675	0
42712474429346555811975	0
95662978655392558	1
4452249156983626789	1
5487988392881479	1
4682167154396394958	1
921496424953455428356	1
39358333372562666624175	0
9713338215276127764687	0
672243947229663872259	0
54694766582747497	1
263454866987283667	1
57855136175994167277	0
227262221927978445143178	0
2695622895654324213655	1
7474169761979532558	0
6258619699732336111557	0
3661224168214869532714347	0
49132834883599634619	0
273548413562142786822438	0
879458156329296484	1
496349592971637583	1
8145682937331936958	1
727486211644923493828	1
26767677379848783	0
1157972133613124328686493	0
4259112715654532888437	1
2284896719125351237587	0
97966459836379329	0
1485673913489645343228	0
3428785464376719187	1
2433148528823887382191	1
835663499656826793	0
838176637488292234257	0
29614317173333441656849	1
8732927298429636558	0
5351413975872158718573	0
9912394515719329317492	0
967553319433591179384	0
394897698432583791	0
7383975268374155755	1
61579583824347545338	1
86575683476687892	0
6891116869512539875	1
134637272951276718897	0
256546928291363287192	1
553837552124246632446549	0
181669412347678999	1
27445453151553821818639	1
174128428172147869648	1
64153227958746831996	0
7357768484339146983	0
49458972711659126847	0
64419231568872853887	0
159217958928892555	1
43866126966353835376	1
293736773324252676556	1
6575551685171922334465	1
49163786452971712141656	0
92629176981644793165	0
1157263351894276127785	1
1225291789354893958	1
8996898291766629	0
77415839223741386799	0
8623444954355564561691	0
9463613381591758975	1
754195195566346354278	0
1328285464272816643774	1
39561752392577514829	1
787347255854546979	0
146417143259914671318846	0
4796369314485231643584	0
82436689253639425215192	0
7918178993676111286	1
37191646197644139892	1
66484829662858594	1
1829159694564828378	0
676447956215366443165	1
36928888924964775	0
1778235566648377375	1
23916468543277383667	1
69586383896488338	0
35794473451177667685	0
78624319172967316198	1
4432598567563678156	1
834765628411974367455	0
658275714785969277	0
5923656658454612442477	0
992813667794468349	0
964333796498655297	0
37652782265823329497	1
9592311548886953595	0
391232579259514754548	1
929696947144195488	0
87267158781653927373	0
838898698565593	1
4171699375111548857184	0
3547197155336389399	1
499978177549235457	0
351741135288363866983	1
341626565242119782462676	0
2475159424681861999	1
72967976132456164875	0
6937152377324198341974	0
93752311447885963875	0
695439181189284976	1
631613636976299219484	0
85299433548566788	1
239151982291983825166	1
461291115444175661876475	0
46589696641862578	1
1266494181785369695	1
467817536839492689	0
389277652924329262665	0
1293841976581526977	1
4953459519757426848	0
56953314812456164999	1
758662922392668793	1
862967176879513456	1
36389642255641616131585	1
391124465876363992746	0
8874423524496251624329	1
35963372557327517884	1
36816124372953494131995	0
812664176134188198484	1
5394969846569868	0
4926854193925287795	0
358133622779972531755	1
587376372342548217669	0
4545799361845859184	0
4531356245654792357856	0
8812386713585295496	1
4368717815521466279373	0
7998286162317237112456	1
239211213534533731823313423148	1
74768678249719555	1
69985428239668857	0
1413344461666636983696	0
8897124719839699	1
7876812218121151875978	0
55225481641519928779	1
95759314126931559498	0
6722759534245955668	1
46751989165342265589	0
469273844968434789	0
6277867187953978	1
67832372152913578768	1
67715839352194137978	0
425857736653966783	1
55625954762371475967	0
8689561779496339	1
275866156586616411574	1
2354593345365135928758	0
57771216824397275647	1
2728686824318874448	1
53138349527498762964	0
7839493484988628	1
7477824835454973828	0
352137795835533639864	0
472365397999212384255	0
381446952288343783665	0
9496452473334785868	0
8943657836335543723128	0
7541572828377351123163284	0
5848311369415648163491	1
5257672633172228132512599	0
4755247679893141731291	0
993359748399688	1
62952113484278595838	1
3314589832789361668	1
1861896711839126541657	0
18689548873924729	1
72199914731358745573	1
313444279365555187198	1
998115559563488383	1
626868193847864266	1
973652148671969949	0
585262735523255579838	0
79387295423185715383	1
3559836445874155864	1
81378176889255171567	0
5628741983571858229	1
314682253336843789573	1
5247689146792219959	0
2789169733679524764	0
46595265295285762291	1
3167456219337613573459	1
714153512623952814828198	0
86521617331983959865	0
11651646885463316989	1
43794289435151828566	1
96363767498849637	0
3327872361393417348597	0
878125998481244497	1
9716368596228546495	0
945551227354336116115894	1
617419718975317141896	0
394278367717465489	1
972997955597539	1
786396492133958584	1
76455331124882951562549	0
26523128851492792978	1
32198453959483638267	0
953447189839485765	0
6227786525253439987	1
133397219349352898367	0
37922234232139278881397	0
18912631419127655355385	1
234876184184682211421697	0
548937273512547382839	0
75956893632197997	0
8464468454418148451349	0
53874514377448835446	1
2998129358317883946	0
95455162233915999486	0
1821374225443185827236647	0
5435548197199141326166	1
2856679964199559	1
42647816218535128126779	0
3569355377669673357	0
714317576386741415979	0
22368797787281139465	0
92311154751217986435538	1
1231513296822656912998	1
38387521282125835742658	0
1341885349816983969	0
226768878494691274	1
986697663982362159	0
88142947659617461719	0
7647487899163231285	1
2257652833415936414884	1
357963144938486875	1
415168331853453223823979	0
63486638524164252624378	0
6487838953484415328	1
223864236713615866899	0
7613758919127318443439	0
15792868674532644558	0
384641119494487397355	0
1679484328215155329168	1
856542611311194346391683	1
5329619643821946895	1
51764248151914356579156	0
56468515229856184839	0
454977552219162871285	1
833864559483843244446	0
691312821795429613515456	0
3484964879674489	1
78795514646949484	1
24297449249993166249	0
654229248945522841648	1
141315624136862837234142585	0
77676121788327928248	0
422762421351439721222682175	1
2233989915832811851273	1
527552254293369737176	1
38434234924138727989	1
662768883532176277119	0
152976965394968394	0
1325211482273346473465287	1
15759431419475853856	1
9393887212855412252658	0
4178233972821754829157	0
45822843342815179798	1
7853893583626743328	1
6256487665251884449	1
229941534227754448522419	0
4465376148756684682	1
38421832946994489183	0
12762125465235431337955266	0
481827626816481117325455	0
545735618387671573158	0
368866441112847835159	1
3584368755997876	1
6626128991683393558	1
8742168914623713341227293	0
64648291774464776148	0
595912356577558788	0
26617796777379993	0
672918179861873683	1
5834932377793753848	0
47347791367514478369	0
9344462732966639386	1
73544382596177924167	1
81131391447756441476595	0
129537354917277874158	0
54265765336756662628	1
875771925945593185	1
36543272385332471449537	1
946139438254563696192	0
92145939862318718847	0
731938849329542986	1
564486197471978658	0
232374545141512824134585619	0
2416167479742235832976	0
11251234633378853285749	1
7868577135381664195	1
477679718887171773	0
7269436123688117847147	0
582112978478111924992	1
939572998757171182	1
3593747355419772658	1
8465348222631963587346	0
449345615665561733674	1
16143899197887748	1
95957529349857279	0
1844972129731354358676	0
843585927215693281386	0
56482997759582487	0
84615468563411997328	1
3632975525755162384273	1
7364187735754494448	1
4969974716194557282	0
59633962449796738	1
4227239194436826763174	1
9719857645589593	1
172323151581634356821779	1
8834578818987885	0
547429556552955598	1
748539112726382578359	0
12669582733424617141738	1
6775515733663146851583	0
88451496525315926877	0
857445118524344598355	1
65612635457493754666	1
368122666289666353228	1
91446484481136659728	1
67788323483967897	0
84772442295981526947	0
93761519518694943564	0
7464418565758422715329	0
28754715289251536983	1
17452791967969864	1
12245157318614995483638	0
948128729658582565	1
56217977411441833281316119	0
8765483317962423354438	0
543727518423956856555	0
248851797988273665	0
72743848185724354729	1
1936689476827266474	0
494771645516664545112156	0
416352563289527347115448	0
13759619894182431496	1
984133254434795537577	0
58616574247712216652855	0
21175324711144264757633838	0
278484326874772678	1
39515271921679365215448	0
428696552294366432112483	0
8241898277179999	1
51183396531199676179	1
18117175762484361575493	0
1829829692318465647	1
17499788444299564	1
82346144153524519957449	0
6446276937862458193	1
3151438658999752794	0
41956513841843139135538	1
19132672565554911444448	1
41615345993516775987	0
82638428323417874979	0
2851949745595147339	1
6399954556986556	1
8688579213499152148	1
6218662972733196816273	0
21833586689673259338	0
6986216185184325889	1
3157354327325649713749	1
144175724983754625939	0
26899169885627374	1
841437377357583255378	0
354156968747879691	0
573331459389398686	1
76578819486115822656	0
9285259375633884166	1
425988971722395595	1
6584771242297763947	1
9631297344116381672728	1
36445771783159923556	1
66892437492144158683	1
99755872515635621392	1
61192566187683844564	1
2897338519184462659	1
6617213188515327498265	1
98557591518583687	1
167178353179194152578	1
4493464826319413374384	1
7711736961918357874	1
7963425652777627159	1
299528411884243353879	0
4498853476925462176	1
92897576119692496	1
396847738629812197	1
57965669456875255	1
5485613624818486498	1
7363784712742285628238	0
67214949548322332371591	1
579265485774369292	1
742171771459592519392	1
1674899229874316685	0
6325382714985685459	1
72812368219252926324876	0
695175631622553927682	1
53722192593254847715185	0
489211742846878399	1
5728446925459943667	0
332855862369413827555	1
1949931154362157674189	0
313434614683456928587	1
415763716169873365377	0
9777318695236832919	0
22699272476526844677	0
393747866515143752284	1
42182784485295853695	0
652941648956881639	1
536168221971522785148282	0
54948341763428632759	1
49982911933151358766	1
5285563426396296789	0
647493493388126229429	0
6934625997147653455	1
58813431289337353376355	0
5321892643819381641939	0
3672174656267616217497	0
3854284497825578538	0
8499197611192776229	1
17957919896297565	0
8267224266471427569267	0
1525531787311632769599	0
63992745226431299278	1
732312581666167731672258	0
47143593454873773664	1
753697398359614578	0
349881948837175587	0
5141357935836414435191274	0
45856472353843125898	1
5922729743814154422775	1
3792818698567517274	0
97313862297319191523455	0
7258675513936175398	1
11728515659421191318749	1
763425221777671555689	0
24297984143229598476	0
19991521338988798	1
967298981398885	1
2994347794452188293	1
7361683556815112269857	0
6794712797336148498	0
18528445536768474238	1
2687761946341559359	1
3771721949174757879	0
18646135858977422973	0
7646438849965311385	1
5995274821542931177176	0
261682688633969422167	0
92235171563521961722334457	0
91999271544192213533664	0
91398254294373337882	1
363517681461478294375	1
8489832332389135669	1
68973382586378254164	0
34697444265753133247457	0
4731813247221941731583739	0
2362757291326139279865	0
262735991578923363555	0
886869584226461638	1
18318381528532835237455	1
9796978463668183	1
9818518369736443186	1
337887344734715622867	0
23358673134965886247	1
42561419416357136145949	1
21722123163476887313788	1
88448558416422755473	1
42865962319383928548	0
4899521118526127829339	0
8479442377429485873	0
4668297867126447585	0
67231149425728867684	1
8988373268533418194	1
2817149186196795498	0
24651291378331332414652983	0
38596756761869685	0
5779121293223936822958	0
958165484947199484	0
232677258898872286	1
423792451923246813222379	1
6786884715652238649	0
7234463329235659713421275	0
31947383723751551142928	1
747634941325848473394	0
164876791291749451239	0
38353388298386977	1
677714831161612888299	0
6114832282779714347586	0
32543879433118234149993	0
8776712857668282591	0
36213925834297776948	0
6395234523766384897	1
15967985849572965	0
28976999451415498	1
8567258362217718886	1
37318261825712846741847	0
668333399764335264357	0
416369135212599838686	0
463892541425785719582	0
88638646557359638	1
111146927769842853691	1
5699782468883697	0
8833783734179423497	1
716655164814124688458	1
54933258681592483465	1
8353423263292947715569	0
4461597458153687683	1
59617649664688159	1
81243923188635646427229	0
89531113495619512232497	1
5512863869895222739	1
198457918554739794	0
98745323371127596675	1
862169799242944114269	0
599324698574232184446	0
542195174889653145166	1
1872599548313136657291	0
534225788223959421379	1
25273582818617446768	1
45775965164643361279	1
32955838273583395165	1
34497849827327518482	0
783267927792646992	0
521683525276613291951394	0
313743122229654225657978	0
8479861682374248157	1
819777188182275775	1
4539339132914135779449	0
622152629128315285152432198	0
6549962643588616782	0
957214832869944559	1
23936984121321539961328	1
99978274886896	1
8981625617669639184	0
253599455649322725283	1
9237634391822814524791	1
777692366178981459	0
33344298743441769411675	0
48399134451473843839	1
9199997341926254367	0
9538713658558417456	1
5989769927461279	1
97281683752923374649	0
72473475596156817558	0
17191591992192898149	0
1482342919391416387992	0
823511372877651176497	1
4817753617442541256765	1
549957373529963397	0
57778878678994	1
57428953297272592764	0
222293652465993444991	1
6795856668238451619	0
48277699269433411785	0
6993665824493515384	1
28621588576496977	1
697987371579142429	1
25946819742592622688	0
53621729695536336748	1
892211434577457195592	1
8491755984316943293	1
575517985988986	1
54477223338969416269	1
3897838259367633276	0
52721696996885566	1
9328515651113838444766	1
91328365927553591539	1
652611876663371676864	0
58783947782752878	0
121284818494165876528	1
69975445975228783	1
7529326345921597867	1
867311343867789829	1
313913871615753415333986	0
71654931726887212498	1
97629772538426832168	0
779366358834856179	0
343114286225848341668529	0
75351791446693825564	1
13346959786855993	1
61923536948423992546	1
1319489257886846277	0
42641616882227518923121356	0
6811395584563652986	1
6737499186668889	0
6643388779646689	1
829624622221754686689	0
331652295476897172828	0
16642316563911153725813173	1
54878965552183354494	0
339554775313188417349	1
98357784697224712419	0
61778967689393682	0
227536114257778772278	1
168987951694784175	0
575755634713292514969	0
26179519886959285	1
77826654513869977	1
47559214547232879867	0
3787364741862531997	1
735988288257614413338	0
1133354792784328426322475	0
766692554955139486	1
97137629899755459	0
6612373955959862248	1
54786794657426974	1
294397269198956574	0
649864185412142686249	1
937768157236751261194	1
5999786697889	1
162261624392467459687	1
728733994595119567	1
23113755136692277693278	0
32227842466383723538449	0
442416197734855548873	0
3724679264826648948	0
552267665343922158784	1
516617165219983685295	0
839649547167255789	0
748925172724977784	1
63196136343324515826397	1
52532218282527329437254183	0
26993992532761637439	0
8531296499756811295	1
569448367242486877	1
995511232922681578596	0
5682714376488158188	1
49688364931666993	1
18447173852647815865	1
235292278475215512496455	0
72335744211852719334888	0
3836929544691582399	0
132286167111393686224783	1
375498722839518847	1
458687537544395994	0
69678141252333725932557	0
25785524238924857865	0
669584485835582455	1
583329585475312134985	1
5646657388397599	1
3869137469215446122755	1
171251743481477324275956	0
859938966387996	0
293637367463521861864	1
3271858961793926239	1
974589259799575	1
82558936723761235468	1
9324438595278964746	0
44183543312425911446119776	0
758275395697574493	0
478527211869653371839	0
72672226138681267443693	0
5156357464276135219864	1
957731958559743468	0
8117937352888137748	1
41297342887192178859	0
86793294348892891	1
525113244652836794191287	0
33372143362638487254259	1
532243679638543736124264	0
1437539956723489438	1
199377589571943378	0
716242999898843259	0
271766852744993162538	0
351397378432166491675	1
473262131711762147785776	0
3566883543876183759	0
661122475569383265757	1
872684817339167794	1
764214993445119672498	0
94668179731233425254365	0
4715284588525213115968	1
3963235967265685231338	0
21113294233869685154949	0
76488119573532328396	1
824324989269663919	1
717281887585565647	1
965287156245138374595	0
26197272888887787	0
1629385329595311927393	0
92893381421827563586	1
41877253629784748193	0
318331178565594449928	0
394848965873164398	0
495369715933297977	0
5534115291914389754397	0
153941641341914372947147	1
27884575518133474198	1
9576923624363849883	0
474667377429951595	1
66187918688297397	0
82659237868936594	1
53682141778682482675	1
417368724334876532386	1
5248131512598186864486	0
784277776931812133248	1
437185852862112557578	1
447438444731718767349	0
646769564735389566	0
6988826475472242187	1
3618941837237964469	1
665235248294566566519	0
923211971553239556868	1
175543399932123974397	0
27798763222528293376	1
8665975665833555337	0
82462848792341467276	1
489561554359327897	1
5324876542695558795	0
38299224153216762651655	1
8847641988788365	1
598892643593212471755	0
438673557669766246	1
76716853416731332444668	0
2712454577539344284658	0
658872653995654728	0
15735396366837456783	0
9123481113829551427239393	0
145974537251727918387	0
4927624635236821614888	0
72138457928145979374	0
925189693991451577	1
98763198768145797	0
88545144475147796155	1
9314163634277756723874	0
6624556418556855133647	0
965276231489952331875	0
61925552778537265375	1
2385135658392969187	1
747295749946289229	0
16617641529482549831391	0
95299756347817828	1
37765891262354691664	1
5744132574694336156366	1
5269786468443188349	0
11276988369127358257	1
92725855288186249365	0
5714126424761529714242149	1
294144116332184443912832376	0
7474214599734672699	0
637351567489334752719	0
8674891154625847956	0
18927111762859618599	0
28898736349396839	0
3836227351642278476793	0
3384555856513696297	1
1646597452394232539619	0
69943381562791341982	1
5789474833663999	1
4181535347442244567579	1
8399923493624654883	0
33769375139432419939	1
5656333242583164179895	0
4697738883666897	0
75121435927174168474269	0
2444917123871495482866	0
11128139751664562937122148	0
252452638921375836964	1
2192858456916646693	1
34396689375964756	1
995744124428524935828	0
321758456631444663218646	0
127956498521263341731164	1
821574217844928192597	0
585142592116871981985	0
7683768356775796	1
3881923978142461629183	0
1734773371563814523488	1
98118529721767272588	0
6392313235956459449355	0
2221758532271643878589	0
6898769189185848	0
6886318691872662873	0
113154677232773539249167	0
7284391718176442571891	0
583159141356174693595	1
54726967142846245846	1
73455587866242411154282	1
694127721933448356678	0
382698761468776629	0
17434855815782515899	0
63221271945293793414867	0
12767643871449561568	1
363333989843881323396	0
829754985572352879	0
943418814186643337485	1
34515819111749656493346	0
448341957484835523396	0
8882514231875417337319	1
42765748949343825285	0
536777227276525952637	0
529328193957725169237	0
72385962978628869	0
126342837158118914232694	1
931945919129969257	1
22182893579139278482	1
4946988776956129	1
549629924693843548	1
955773715654176216369	0
64889261237462312225499	0
49995589133938956	0
3174357433591668454386	0
17418427345511177961321447	0
31827419956522132292656	1
358392482641445413221649	1
827315965464456745266	0
21477961731322191485485	1
66966759661571884	1
4199142554789956665	0
989184371366713242628	1
5795244495559361895	0
5349357737316955666	1
15683913393583177422393	0
83254135235393669691219	0
187945963738612894	1
869855486878468	1
725233619872365188275	1
25327328678436291976	1
2273667137988554296	1
88476744738114157884	0
1859871769131766938	0
3127893692664793357	1
8761964526159563692	1
48928218858554652393	0
9789298396173757	1
522178784476331297149	1
78139299289114315774	1
467934887482967364	0
661676831719227181675	1
64746417862877315374	1
2684579937558241142256	0
28447764535237649478	0
719225741135747683378	1
223599686566611451222473	0
3692195486926688337	0
8577264255141925617558	0
9621127649653593345348	0
787679373979378	1
44342323252831449597759	0
749322185973298678	1
91838834663831371486	1
49839175253451355489	1
85275649912762961128	1
3671442871673968738	1
3754339335464592335856	0
779418239198244761139	0
2799731275942381498	1
79892125336145841634194	0
8795615843813829157	1
385476213548534338828	1
61981224375394788585	0
2573384779372137787	1
226729314197137759519	1
217478734217297718148	1
12683236663851315485559	0
6188994698434144485	0
764713794526739252155	1
172863165179664749139	0
394659395644873546	1
469584857813229487	1
1945537628728447378	1
963139386957797382	0
7812968188892922258	0
516497594925138985	1
996588932816349555	0
343524527388216814888	1
674168246985548647	1
1163883582679916719	1
129536736241152343384549	1
3521817522447575741142783	0
6433465662168283516294	1
665695166138783956	1
4588995868444774	1
7992835756884991	1
795827854355472766	1
881656797199888	1
4384342197952423198255	1
54487956157592171428	1
12413618668323253928692	1
93515791882841733268	1
586887969231723849	0
922943354156766841456	1
1748944532693468886	0
13312956871658572876	1
84194679849387378	0
3557799599455495	1
552354946688585287	1
192589775453958184	1
382397226158238782793	0
517879935526799292	0
58415695554889797	0
497993567245392939	0
4954171685192111798268	0
3163141119118152434369244396	0
85883613768799719	0
2991637867842744747	0
9224549514347274234897	0
65715777413822594688	0
72355545756671519886	0
57516557626421342317878	0
82926745975481241957	0
1232126227918115688713694	0
69324124724587938849	0
78245867774783958	0
186416294117125939331482	1
617866632645822624112737	0
76781821864698798	0
85955624946786646	1
49892922169871414397	0
54451761518776716379	1
258326473514716694769	0
222187364421281234452418658	0
52438872665127545799	0
731895154676696584	1
866364945963487629	0
5961692163793412715495	0
53532337545576358795	1
657386126637842464674	0
564188815639595688	0
688457618233189876	1
53739922583229794628	0
2298659411476729873	1
53933826698235415396	1
523229516588896759	1
2293573918643915115295	1
62864452845658326574	1
2588783318285254786	1
665437939122697885	1
9288687742741356891	0
5353691145748595799	0
49833478535322396286	1
9172734142817786698	1
932631549873346121959	1
76788198336661696	1
32422611882367953661578	0
99989123745439639	1
561613861422514635764685	0
29585931112279679248	1
94586347214786837175	0
3798885849994464	0
54192512225236186271738184	0
9432817424624681549673	0
635133995934165483585	0
842623284474452388621174	0
364986779175344499	0
7676454637753262312586	0
698728431874955793	0
85296635469754777	1
2589469193427613316637	0
69846221869914142738	1
2933792194439934298	1
29322714421213967611154539	1
96946694114283174673	1
84486224153287493974	1
4471227875924215873494	0
166723672384658175486	0
676793581187965746	0
787576722235183544766	0
18448791696646768	1
98441132325153398526948	0
3498872883273181698	0
917658566992482166	1
8346481867417189546	1
7442183494799183647	1
722131942736831521351798	1
7436439141812232652916164	1
477472417863311918287	1
63942466299479221159	1
568886627646252241287	0
73918315196677354488	0
995316584167265367282	0
8134144614276367812143455	1
86987497179283683	0
41711264833415874937377	0
34163571411374666313473128	1
3255717612759859779	0
524826447673537184482	1
6422443577612135222625667	1
9625966599974289	0
2228148225142963257622357	1
71876597361449959	1
2292878625656314181568	0
2765515467397584111184	1
234954965143746515141182	1
424218238967213177834391	0
1149567198576469174	1
116225931485845455976	1
1946626315878926728	1
1628828282419866676	1
317756974149574669	1
5197417785493661949	0
224879389563488248	1
26278122543572564234947	1
11938334418847843849	1
35624775124939519873	1
1554297969757551765	0
54136368922317879394	1
9565975436333339589	0
9112494565523244489292	1
65478565845411277456	1
637472149312892282929	1
83992798332388558	1
9962878343794948	1
93229112378125687139349	0
239621666374173615859	1
5885537529798757	1
8877898897687	1
8263652319187355191893	0
21781468464678842775	0
21231872177565764297292	0
1798167112257831618696	0
24819377482483761759	0
98818713829818699	0
8538634987919677	1
996361987439273487	0
351643743263171336447719	1
5185536452475532922647	1
25594884379443889	1
177484767366479568	0
7635284685854111135985	0
2266946498259396591	0
69779595586879	1
84772522735891477584	0
657392532953867332683	0
46849912968944296	1
131479791672549471279	0
89183477329347182586	0
11953569921322925813595	0
71584745333328835921464	0
57999645397457484	0
3915673491871716895	1
1674227755618234737378	0
2259257984556446647	1
928382433813115597648	1
94331961296715686266	1
159438892915788855	0
443194565453589348294	0
36176473879338988	1
9175165736259349639	1
3289938982591451257	1
1483833148135462385471319	0
712393478882791759	1
19892753832482217757	1
8161811635969432545882	0
1873284723494543143599	0
1353592242567587465295	0
52458295237765294456	1
7669112694554583892	1
7384529225216172167794	1
235772311725454597281537	0
71652152379632223194776	1
716663593113882765774	0
5165834327482712779293	0
7699542665533431958	1
8244665735163312571217367	0
37338172965631964638	1
67334318516248544998	1
57776924216987938	1
27499577837685148	1
72886699176853587	0
3185924584289945982	0
96381484681443819648	0
633465229479887557	1
525852991334423212481575	1
838157636624713235938	1
7775757587247976	1
1111831753381488297793	1
4349171238527894878	1
313969816865259699	0
77242591566126997647	0
4366695482447653783	1
77998141399986186	0
181498659315642844219	1
6589941161771782792	1
452372765867597287	1
24587767486839565	1
9632878177271318979	0
4695499952488869	0
935284112329869421975	1
565285363725392198655	0
264392198774498692	1
2222792439741995156628	0
827573396152551194656	1
1614227457728948185239	0
11152814881517574564849	0
216939381215151284256268	1
758628512661464538391	1
988965848344692183	0
365871164933843682585	0
3375261335426662578597	0
7595813697749299	1
8383289493723825547	1
98632975486354523358	0
114592663816416675586	1
54947351926761162967	1
8857483761998647	1
54231414912875817852576	0
286151115467462666753283	0
24216317268552523579258	1
876139621967152524358	1
8318728447886117395	1
7455244277483319515748	0
51282993685141976379	0
121118169368448846699	0
299587242637471622874	0
2911569778745139286	1
18822715827927365656	1
3814663672499933629	1
65937113447916275522439	0
4572581252463355883199	0
5561321811291828638848	1
2721682126768917898	1
8734271395724148313878	0
68883232571793356185	1
14737121726333863318885	1
773682148884716135682	0
7934212743647721718389	0
75596533359713761564	1
754686632959156738	1
2942157431815222741427647	1
5484913496998894	1
7639419143836219233669	0
2425563126954332198898	0
3553965543394512713985	0
554797216579777278	0
92234194331783724588273	0
7867132719331391871486	0
47416524734249423544358	1
91982866692491799	0
9239882334377476299	0
4298578491871392477	0
73887762589711957	1
873721544673367662166	1
6533271284633295714434193	0
4982972238193231712796	0
72725183292278992447	1
37161871549916192213347	1
2244956497354927977	0
591256294521389463687	0
882612721367161639768	1
45216448192181965141864	1
61764969366458988	0
63248583114288766797	0
597135593282793778	1
73689425545494732765	0
3747366441639451544847	0
295963939999968	0
161872335168351732217765	1
77334265578233152643455	1
2123374383464515922899	1
21192269272212142945913793	0
48516519282678418429	1
84171243879468334837	1
158887576182938185	1
976739719617279465	0
4951864682346482794	1
3442661667159434295549	0
148264573323789197583	0
73325134462149612771615456	0
8259611633588498347	1
425714567592453397494	0
217495728354752494539	0
53263976626129186241673	0
935377325147144587749	0
19218317829418948573	1
958523682693671213293	1
19512857285179584297	0
867551937193885875	0
7879682836557676	1
82836815828331164227566	0
16423755662554494642177	0
27817751561554391165475	0
9753155741122526598648	0
254183613811145845425838	1
5326559394853742992	1
3317112734738575837974	0
947656613638217393628	0
46224283632899918568	0
2581692689657486319	0
2762963287934183857	1
9312255589531953932173	1
8688657514779568	1
68882166371274146427282	0
79134757222599737556	0
12219774371282159746129	1
29733827514625773512169	0
3743428424558193862156	1
5373937958136161277183	0
44749523389319371369	1
77588922567869457	0
42865853776478323746	0
5538347741714462613879	0
422592956491435545178	1
53927325241582624337593	1
5487753643549945728	0
6333299477126531436696	0
5492232326366369946393	0
746481465722141896488	0
85519173183514759567	1
61439397853885939	1
55543569613526959494	0
78884474663618157273	0
8413694195329588573	1
54874631846725285677	0
7173741282226762528657	1
76347429594479767	1
24664233444116399268328	1
21387792598562246329	1
9688199667762948	0
69232561865715255661428	0
94755379242758551287	0
8712386597398145329	1
66776358357677796	0
24157858216173171357399	0
842549366838192439191	0
924355178711889877	1
36531589362896913148	1
74132485539341283553366	1
21618178535939638591	1
69648718434221397849	0
785252372571974643738	0
57288297965341163347	1
56383796114349833188	1
436496696799994	1
123672179996566876	1
3898932759114848155	1
797293481813995686	0
9132761931163448259876	0
16253827231523395765866	0
1137126537315663652667346	0
5146784148892759255	1
24991166971363568568	0
2529493534349163717283	1
7413499742955829719	0
48126755711992581847	1
343888576733219599	1
44423342959123659552477	0
76299145588455796	1
88953464352753729276	0
59281261928548429573	1
17933528591121242386297	1
9156937864859997	0
929185431229821299874	0
921525137362892928858	0
453178321223113251557714782	1
63887549974763329	1
751536521595544886277	0
35842568364773123869	1
795473441226515115914937	0
2875475181967225687	1
7966973529235441549	1
53335823662725474123694	1
993882261743794792	1
9243216751241123646179928	0
777548671872522598	1
572522661965899968	0
862628173138635884439	0
321445998479885266	1
41897356938678957	0
96143523347293576135273	1
99457726469282947	1
3991475962299563457	0
317539556355251429758	1
8986375267788268	1
836575676752676865	0
16319284317371192536689	0
17762544828197858274	0
4723566353267112965188	1
34114535949641382462399	0
83127986596815688	1
4847962794242419675	1
3828482867419289457	0
7247347313797483966	1
51982713655453411247737	1
5643245241172346916227248	1
14768521353528741444399	0
5674951745631541422775	1
184237665729571941729	0
93189679623868848	0
486289733873239689	0
8864534139418778829	0
86756311454845749274	1
57385814714133223739757	0
294435466263754252597	1
9916927479341817864	0
8547684347361233395329	0
344373898834258681191	0
26332849442393657857	1
376391686525558885	1
8426734239689163199	1
3594397291576271524356	0
932538747677582359	1
652378491451272723442282	1
63513595351371326943664	1
3225537425691692824677	0
9965493971945965	1
536724651882297988	1
45311496874426568647	1
6278418616447789165	1
9612523214671387749373	1
7185846562248436614186	0
33928136825818582729	1
466381941388198252228	1
436534117278675936639	0
3873413457197384178165	0
664638381615978487	1
424952646324857543728	1
812183941244883585457	1
4461293761696567828	1
1458125451411385586841492	0
69562738983355768	1
13834839997748269	1
28988314717615613866	1
67396463157647763384	0
764241227188464863647	1
4475346581812886767	1
211895167335173128359573	0
5689173154556668546	1
61974813411183945428191	1
13735895927294731938	0
671137149523739773299	0
422477541667584241867	1
5424577192572396697	1
4854348726548883738	0
38291158981454135689	1
71464916546511782887	1
4983858782455789	1
19343396389617649338	0
4394684713996449285	0
73287385648136954664	0
557643718617451126563237	0
256426792361161822431789	0
1287915913168875371184	0
172564772167511853976	1
7495464175933359696	0
369217627557293924277	0
98466973272596679	0
4796526869373822891	0
328373799181251487746	0
8421372845418358646664	0
211149742126583469235578	0
9537638955299974	1
4294223783496678349	1
318862626654157329646	1
7516383744579658246	1
2557217978751748569	0
2363433646553255192896	1
41187468944241269415195	0
96747262994914777	1
9759148196195416938	0
71592539342412251373688	1
47153978396419622176	1
414886744974432725259	0
2766218444414991131698	1
3873481964732266498	1
54327779599224435495	0
371126194885936842256	1
3667784489194615269	0
5865341783113981616482	1
3533796364259385879	0
6981395974452325279	1
2256579585449633967	0
366279996963291346	1
719758277868753474	0
4414873588735532959	1
821582735231935144475619	0
5631579726677434486	1
9868416453957325546	1
397543169222876737356	0
64571852525825983474	1
9439228916126766892	1
418987369447197319	1
876975844538515357	1
32596736954927968	1
8817298225484155127394	0
7825891671425232553947	0
35465485734259267258	1
62738457651349194777	0
1668836275959279264	0
57184133424453435483946	1
821341995827715463875	0
6519724613821663671628	1
2615522293985828433382	1
